10,281
10,159
10,134
10,279
10,103
10,18
10,204
11,13
11,25
11,7
11,24
11,11
11,4
9,6
9,4
8,13
8,15
8,10
8,12
8,4
19,2
19,1
19,3
20,3
20,2
20,1
17,3
17,2
17,1
16,3
16,2
16,1
15,3
15,2
15,1
14,2
13,2
12,3
12,2
12,1
11,28
11,23
11,19
11,17
11,1
11,15
11,3
11,2
10,274
10,272
10,268
18,1
18,3
10,233
10,232
14,1
14,3
13,1
13,3
10,207
10,137
10,20
10,3
10,2
10,1
9,1
9,7
9,3
9,2
8,14
8,11
2,2
2,1
8,8
2,3
8,1
8,5
8,3
8,2
3,3
3,2
3,1
0,0
64,34
64,33
64,32
64,31
64,30
64,29
64,28
64,27
64,26
64,25
64,24
64,23
64,22
64,21
64,20
